


 93   251   254    19    42
 90   336   198    17    38
 89   387   285    16    45
 85  1060   280    19    41
 84   529   195    13    31
 84   657   458    19    53
 84   998   355    20    45
 81  1174   248    20    43
 76   917   306    22    44
 73   876   228    16    31
 60   643   368  1067   507
 72  1228   308    21    43
 66   200   379    19    55
 63  1090   205    19    34
 57   199   313    16    39

 93   252   254    18    42
 90   336   198    17    38
 90   387   285    17    45
 86   657   458    19    53
 85  1060   279    20    41
 84   529   195    13    31
 83   998   355    20    45
 79  1174   248    19    45
 77   917   306    22    44
 75   876   228    16    31
 74  1229   308    20    45
 60   644   368  1066   505
 65   200   379    19    55
 63  1091   205    18    34
 55   199   314    16    40

 93   252   253    19    43
 90   387   285    17    45
 90   336   198    17    38
 86   658   459    18    54
 85  1060   279    20    41
 83   529   195    13    31
 84   998   355    21    45
 80   917   306    22    46
 78  1174   248    19    45
 76   876   228    16    31
 76  1229   308    20    45
 60   643   369  1067   502
 65   201   379    18    55
 63  1091   205    18    34
 56   199   313    16    41

 93   252   253    19    43
 90   387   285    17    46
 90   336   198    17    38
 87   658   459    18    56
 86   998   355    21    46
 86  1060   279    20    41
 83   916   306    23    47
 81   529   195    13    31
 78  1175   248    20    45
 77   876   228    16    31
 77  1229   308    20    45
 59   643   368  1067   500
 65   201   379    18    55
 64  1091   205    18    34
 57   199   314    17    42

 93   253   253    20    43
 90   336   197    17    39
 90   387   285    16    46
 89   999   355    21    45
 87   658   458    19    55
 87  1060   279    19    41
 86   916   306    23    49
 80   529   195    13    31
 81  1174   248    19    44
 77   876   228    16    32
 76  1228   308    20    44
 58   643   368  1080   497
 66   200   379    19    55
 65   199   314    18    42
 65  1091   204    18    35

 92   253   254    20    44
 91   336   197    17    39
 90   999   355    21    45
 90   387   285    18    46
 88  1060   279    19    41
 86   658   458    19    54
 86   916   306    23    49
 83  1174   248    19    44
 80   529   195    13    31
 76   875   228    15    31
 75  1227   307    19    45
 73   199   314    18    44
 57   643   368  1092   497
 68   200   380    19    54
 67  1090   204    17    35

 92  1000   355    21    45
 92   337   197    18    39
 92   254   254    20    46
 89   387   285    18    46
 88  1060   280    19    40
 86   658   457    19    53
 86   916   306    23    49
 85  1174   248    19    43
 81   198   314    19    44
 79   529   195    13    32
 76   875   228    15    31
 74  1227   307    19    44
 70   201   380    20    55
 69  1090   203    18    35
 55   642   368  1106   495
 55   507   637    27    56
 52   680   345    15    35

 92  1000   355    21    46
 92   337   197    18    39
 92   254   254    21    46
 90   387   284    18    47
 89  1060   280    19    40
 86   659   457    18    53
 86  1174   248    19    43
 85   917   307    22    50
 82   198   314    19    44
 76   530   195    14    32
 76   875   228    15    31
 73  1227   307    18    43
 71  1090   203    18    35
 70   201   380    20    55
 55   642   368  1106   493
 54   507   637    27    56
 53   681   346    16    36

 93  1001   355    21    46
 92   255   254    21    46
 92   337   197    18    39
 90   387   284    18    47
 89  1060   280    19    40
 87  1175   249    19    42
 85   659   457    18    53
 84   917   307    22    50
 82   198   314    19    44
 78   875   228    15    30
 73   530   194    13    31
 73  1227   307    18    43
 72  1090   203    18    35
 70   201   380    20    55
 54   507   636    27    55
 54   642   369  1106   492
 50   681   346    15    37

 93  1001   355    21    47
 92   337   197    18    40
 92   255   254    21    46
 90   387   284    18    47
 89  1060   280    19    40
 87  1175   249    19    43
 83   917   307    22    49
 81   198   314    19    44
 80   875   228    15    30
 80   659   458    19    54
 73  1227   307    18    43
 73  1090   203    18    35
 71   531   195    14    30
 70   201   380    20    55
 54   507   636    27    55
 53   642   369  1106   491

 93  1001   355    21    46
 92   337   197    18    39
 91   256   254    22    46
 90   387   284    17    47
 89  1060   280    19    40
 84  1176   249    20    43
 82   916   307    21    49
 80   875   227    15    29
 81   198   314    19    44
 75   660   457    20    55
 73  1226   307    19    44
 73  1090   203    18    35
 70   530   194    13    29
 69   201   380    20    55
 56   507   637    27    54
 54   642   369  1108   491

 93  1002   355    20    46
 91   388   284    18    47
 91   337   197    18    39
 89   256   253    22    46
 89  1060   280    19    40
 82   916   307    21    50
 81   198   314    19    44
 81  1175   249    21    44
 78   875   228    15    30
 71   661   458    20    56
 72  1226   307    19    44
 71   531   195    14    30
 72  1090   203    18    35
 69   201   380    20    55
 56   507   637    27    54
 55   641   369  1110   491

 94  1002   355    20    46
 91   388   284    18    47
 91   337   198    17    40
 89  1060   280    19    40
 88   256   252    21    47
 82   916   307    21    50
 81   198   314    19    44
 80  1175   249    21    44
 77   875   228    15    29
 72   661   458    21    56
 72  1226   307    19    44
 71   531   195    14    29
 71  1090   203    17    35
 69   201   380    20    55
 57   507   637    27    54
 56   640   370  1117   490

 94  1002   355    20    46
 91   338   198    18    39
 91   388   284    18    47
 89  1060   280    19    40
 87   257   252    22    48
 84   198   314    19    46
 82   917   307    22    50
 81  1176   249    20    44
 75   875   227    15    29
 75   531   195    14    29
 74  1226   307    19    44
 72  1090   203    17    35
 70   201   380    20    55
 66   662   459    20    54
 56   507   637    27    54
 55   639   369  1121   487

 94  1002   355    20    47
 92   338   199    18    40
 90   388   284    18    47
 89  1060   280    19    40
 87   256   252    21    48
 84   198   314    19    46
 82   917   307    22    50
 81  1176   248    21    44
 78   532   195    15    31
 74  1226   307    19    43
 72   876   227    15    28
 73  1090   203    17    35
 69   200   380    19    55
 58   507   637    27    54
 64   663   458    20    51
 56   639   369  1126   485

 94  1002   355    20    46
 92   338   199    17    40
 90   388   285    18    46
 89  1060   280    19    40
 88   257   252    20    48
 85   198   314    18    46
 82   533   194    16    33
 82   917   307    22    50
 79  1177   248    20    44
 76  1226   307    19    43
 73  1090   203    17    35
 69   200   380    19    55
 68   876   226    15    27
 59   507   637    27    54
 57   638   369  1122   486
 59   663   458    19    49

 94  1002   355    20    46
 92   338   199    18    40
 90   388   284    18    47
 90   257   252    20    48
 89  1060   280    19    40
 85   198   314    18    46
 84   534   195    16    34
 81   916   307    22    50
 76  1226   307    19    43
 76  1177   248    20    44
 72  1090   204    18    36
 70   201   380    20    55
 59   507   637    27    54
 57   637   367  1118   487
 66   876   226    16    27

 94  1002   355    19    46
 92   338   198    18    39
 91   388   284    18    47
 89  1060   280    19    41
 89   257   252    21    48
 86   534   195    17    34
 85   197   314    19    46
 80   916   306    22    49
 77  1226   308    19    42
 75  1177   248    20    44
 71   201   380    20    55
 72  1090   204    18    36
 61   508   636    26    53
 56   636   367  1115   488
 67   876   227    16    28

 95  1002   355    19    46
 91   338   198    18    40
 91   388   284    18    47
 89  1060   280    19    41
 87   535   195    17    34
 85   197   314    18    46
 86   257   252    21    48
 80   915   306    21    49
 76  1225   308    19    42
 74  1178   248    20    45
 72   201   380    20    55
 72  1090   204    19    36
 62   508   636    26    51
 56   636   366  1110   491
 69   876   227    16    30

 94  1003   355    20    46
 90   338   198    17    40
 90   388   284    18    47
 89  1060   280    19    40
 88   536   195    17    34
 86   197   313    18    47
 84   257   251    21    49
 81   915   306    21    49
 76  1225   308    19    42
 73   876   226    17    31
 73  1178   248    20    44
 73   201   380    20    55
 64   508   636    25    51
 72  1090   204    18    36
 56   637   367  1106   493

 94  1003   354    20    45
 91   338   198    17    40
 91   388   284    18    47
 89   537   195    17    34
 89  1060   280    19    40
 86   197   313    18    47
 84   257   251    21    48
 81   915   306    21    49
 76  1225   308    19    42
 75   876   226    17    33
 64   508   636    25    51
 73  1178   248    19    43
 73   201   380    20    55
 73  1090   204    18    36
 56   637   367  1103   495
 58   677   463    18    48

 94  1003   355    20    44
 91   338   198    17    40
 91   388   284    18    47
 89   537   195    17    34
 89  1060   280    19    40
 87   197   313    18    47
 85   257   250    21    49
 82   915   306    21    49
 78   876   226    19    33
 76  1226   308    20    42
 75  1179   249    19    42
 64   508   636    25    51
 73   201   380    20    55
 73  1090   204    18    36
 57   638   368  1101   494
 65   677   463    19    50

 94  1003   355    20    44
 92   388   284    18    47
 90   338   198    17    40
 89  1060   280    19    40
 88   538   195    16    34
 87   197   313    18    47
 84   258   251    20    48
 81   915   306    21    49
 80   877   226    19    34
 78  1180   249    19    41
 75  1226   308    20    42
 64   508   637    26    52
 72   201   381    20    54
 72  1090   204    18    36
 57   638   368  1098   494
 68   679   463    20    52

 94  1003   354    20    45
 93   388   284    18    47
 90   339   198    16    39
 88  1060   280    19    40
 87   196   312    18    45
 86   538   195    15    32
 83   258   250    20    47
 81   877   226    19    35
 81   915   306    21    49
 80  1180   249    19    41
 74  1226   308    20    42
 74   201   381    20    54
 72  1090   204    18    36
 59   638   368  1094   494
 63   508   637    26    54
 64   679   461    20    53

 94  1003   354    20    45
 93   388   284    18    47
 89   339   199    17    40
 88  1060   280    19    40
 86   196   312    18    44
 85   539   195    16    32
 81   878   226    18    34
 81   258   250    20    46
 81  1181   249    18    41
 79   915   306    21    49
 76   201   381    20    54
 73  1226   307    20    43
 59   638   368  1095   494
 72  1090   204    18    36
 63   508   637    26    54
 61   680   460    20    53

 94  1003   354    20    45
 93   388   284    19    47
 89   340   199    16    40
 88  1060   280    19    40
 85   539   195    15    31
 85   196   311    18    45
 82   878   226    18    34
 81  1181   250    19    40
 79   201   381    20    54
 79   258   250    20    46
 78   915   306    21    48
 73  1226   307    20    43
 59   638   368  1099   492
 72  1090   204    18    36
 62   508   637    26    54
 59   680   459    20    53

 94  1003   355    20    46
 93   388   284    19    47
 88  1060   280    19    40
 88   340   199    16    39
 83   540   195    14    31
 83   196   311    18    45
 83   878   226    17    35
 81  1181   250    19    40
 78   201   381    20    54
 77   258   250    20    46
 76   915   306    20    47
 73  1226   307    20    43
 58   639   369  1102   490
 72  1090   204    18    36
 62   508   636    26    55
 60   681   458    20    53

 94  1003   355    20    46
 93   388   284    19    47
 89  1060   279    19    41
 87   340   199    17    39
 83   879   226    18    35
 82   541   195    14    31
 82  1182   249    20    41
 81   196   311    18    45
 78   201   381    20    54
 76   915   306    20    47
 75   258   250    22    47
 73  1226   307    20    43
 57   639   369  1101   491
 72  1090   204    18    36
 61   508   636    26    55
 61   681   457    20    53

 94  1003   355    20    46
 93   388   284    19    47
 89  1060   280    19    40
 86   340   199    17    38
 85   879   226    18    35
 83  1182   249    19    41
 83   196   312    18    46
 79   258   251    22    48
 78   541   194    14    31
 77   201   381    20    54
 76   915   306    20    47
 73  1226   308    20    44
 73  1090   204    17    36
 70   681   457    20    55
 58   638   369  1101   490
 62   508   636    26    55

 95  1003   355    19    46
 94   388   284    19    47
 89  1060   280    19    40
 86   879   226    18    35
 85   341   199    17    38
 84  1182   250    19    40
 83   258   251    22    49
 81   195   312    17    46
 76   681   457    21    57
 77   201   381    20    54
 75   915   306    20    47
 75   542   194    14    32
 73  1226   308    20    44
 73  1090   204    17    36
 59   639   368  1100   489
 62   508   636    26    55

 95  1003   355    19    46
 94   388   284    19    47
 90  1060   280    19    41
 87   257   251    21    49
 87   879   226    18    35
 86   341   199    17    38
 84  1183   250    18    40
 81   195   312    18    46
 77   682   458    21    59
 77   201   381    20    56
 75   914   306    19    47
 74  1090   204    17    36
 73  1225   308    20    46
 61   638   368  1097   487
 63   508   637    26    55
 68   542   194    13    31

 95  1003   355    19    46
 94   388   284    19    47
 91  1060   281    19    40
 89   257   251    21    49
 88   879   226    18    35
 85  1183   250    18    41
 84   342   199    16    37
 78   194   312    17    45
 76   201   380    20    55
 74   914   306    19    47
 74  1090   204    17    35
 73  1225   308    20    46
 62   639   368  1089   488
 63   508   637    26    54
 67   683   459    22    57
 64   543   194    14    31

 95  1003   355    19    46
 94   388   284    18    47
 92  1060   281    20    40
 89   257   251    21    49
 89   879   227    19    36
 86  1183   250    19    42
 81   343   199    16    36
 79   194   312    17    45
 76   201   380    20    55
 74   914   306    19    47
 74  1090   204    17    36
 73  1225   308    21    46
 63   639   367  1087   489
 63   508   637    26    54
 60   683   461    21    54
 60   544   194    13    30

 95  1003   355    19    46
 94   388   284    18    47
 91  1060   280    20    41
 90   257   251    21    48
 89   879   227    19    36
 86  1183   250    19    42
 81   193   312    17    44
 79   343   199    15    36
 75   201   380    20    55
 74  1090   204    17    36
 74   914   306    19    47
 72  1225   308    21    46
 63   639   367  1090   487
 63   508   637    26    54
 64   546   194    14    32
 54   683   461    21    51

 95  1003   355    19    46
 94   388   284    18    47
 91  1060   280    20    41
 88   258   250    20    47
 87   879   227    19    35
 85   193   311    18    45
 84  1184   250    19    41
 79   344   199    16    36
 77   201   381    20    55
 75   914   306    19    47
 74  1090   204    17    36
 65   508   637    26    54
 70  1225   307    20    45
 62   638   367  1101   483
 66   547   194    15    32
 59   684   462    20    49

 95  1003   355    19    46
 93   388   284    17    47
 89   192   310    19    45
 90  1060   280    20    41
 88   258   250    20    48
 86   879   227    18    34
 82  1185   250    20    41
 80   344   198    16    37
 78   200   381    21    55
 75   914   306    19    46
 73  1090   204    17    36
 66   508   637    26    54
 68  1225   307    20    44
 59   637   368  1109   478
 65   684   462    21    50
 64   548   194    14    31

 95  1003   355    19    45
 93   388   284    17    45
 92   192   310    20    46
 89  1060   280    20    41
 87   257   250    19    48
 86   879   227    18    33
 80   200   382    21    56
 80  1185   250    20    39
 80   344   199    17    38
 76   914   306    19    46
 73   685   461    22    56
 73  1090   204    18    35
 66   508   637    26    54
 68  1225   307    20    43
 56   637   368  1112   475
 56   548   194    15    31
 52   557   196    14    29

 95  1004   355    20    46
 93   388   284    17    45
 92   192   310    22    47
 90   257   250    19    49
 89  1060   280    20    41
 86   879   227    18    34
 80   686   460    22    58
 80   200   381    21    57
 79  1185   250    20    39
 79   344   199    17    38
 76   914   306    19    46
 73  1090   204    18    35
 65   508   637    26    54
 69  1225   307    20    43
 54   637   368  1107   478
 59   557   196    14    29

 95  1004   355    20    46
 94   388   284    17    45
 93   192   310    22    47
 92   257   251    20    49
 89  1060   280    20    41
 86   879   227    18    34
 85   687   458    21    59
 80   200   381    21    57
 80  1185   250    20    40
 79   344   199    17    38
 76   914   306    19    46
 73  1090   204    18    34
 66   508   637    26    54
 70  1225   307    19    43
 65   557   196    15    29
 55   637   367  1105   479

 95  1004   355    20    46
 94   388   284    17    45
 93   191   310    23    47
 93   257   252    20    49
 88   689   458    21    56
 89  1060   280    20    41
 86   879   227    19    34
 81   200   381    21    57
 80  1185   250    21    40
 80   344   199    17    38
 77   914   306    19    46
 67   508   637    26    54
 73  1090   204    18    34
 71  1226   307    20    41
 70   558   196    14    28
 56   637   367  1106   481

 94  1004   355    20    46
 94   191   310    23    45
 94   388   284    17    45
 93   257   252    20    50
 88   691   458    20    55
 89  1060   280    20    41
 87   880   227    18    33
 82   200   381    21    57
 81  1186   250    20    39
 79   345   198    16    37
 77   914   306    19    46
 74   558   196    14    28
 70   508   637    26    54
 73  1090   204    18    35
 69  1225   307    19    41
 57   637   367  1108   481

 94  1004   354    20    47
 94   191   310    22    45
 94   388   284    17    45
 92   257   251    20    49
 88  1060   280    20    41
 87   692   459    21    52
 86   879   227    17    33
 82   200   381    21    57
 80  1187   250    20    39
 77   914   306    19    46
 75   558   196    13    28
 71   508   637    26    54
 76   345   198    16    36
 74  1090   204    18    35
 67  1225   307    19    41
 58   637   367  1107   483

 94   190   311    23    44
 94  1004   354    20    48
 94   388   284    17    45
 92   257   251    21    49
 88  1060   280    20    41
 86   879   227    17    32
 83   201   381    22    57
 80   693   459    21    49
 81  1187   251    20    39
 76   914   306    19    46
 71   508   636    26    55
 74  1090   204    18    35
 72   559   195    14    27
 72   345   197    14    35
 60   638   367  1106   486
 67  1225   307    19    41
 59   701   458    19    51

 94   190   311    23    43
 94   388   284    17    45
 93  1003   354    21    49
 91   257   251    20    50
 88  1060   280    20    41
 85   879   227    17    32
 83   201   381    22    57
 81  1187   251    21    39
 76   702   459    20    55
 71   508   637    26    54
 76   914   306    19    46
 74   559   196    13    26
 73  1090   204    18    35
 69   693   460    19    44
 62   639   367  1103   488
 69   345   198    14    34
 67  1225   307    19    41

 95   190   311    22    43
 94   388   284    17    45
 93  1003   354    21    48
 91   257   251    20    50
 88  1060   280    20    41
 87   702   461    21    55
 85   879   227    17    32
 82   201   382    22    58
 77  1187   251    21    40
 72   508   637    26    54
 76   914   306    19    46
 72   560   195    12    25
 74  1090   204    18    35
 63   640   367  1102   490
 69  1225   307    19    41
 66   345   198    15    34
 51   694   461    18    38

 95   190   312    22    42
 94   388   284    17    45
 93  1003   354    21    48
 93   703   463    22    54
 91   257   251    20    50
 88  1060   280    20    42
 85   879   227    17    32
 82   201   381    22    57
 78   914   306    19    47
 71   508   637    26    54
 74  1090   204    18    35
 73  1187   250    21    39
 67   561   195    12    24
 69  1225   307    19    41
 62   640   367  1098   491
 62   345   198    15    34
 50   682   288    16    43
 51   353   198    14    33

 95   703   464    23    55
 94   189   312    22    42
 94  1003   354    21    48
 94   388   284    17    45
 91   257   251    20    50
 89  1060   279    20    43
 85   879   226    17    33
 82   200   381    23    57
 79   914   306    20    48
 72   508   637    26    54
 74  1090   204    18    35
 72  1188   250    21    40
 69  1225   307    19    41
 62   640   367  1098   494
 65   562   194    12    25
 59   345   199    15    34
 55   682   288    16    43
 54   352   199    15    33

 96   705   465    24    54
 95  1004   353    22    49
 94   188   311    21    43
 94   388   284    17    45
 90   257   250    20    49
 90  1060   279    20    43
 84   880   226    18    34
 82   200   381    22    57
 78   914   306    20    48
 71   508   637    26    54
 74  1188   250    21    40
 71   563   194    13    29
 73  1090   204    18    35
 63   640   367  1101   493
 70  1225   307    19    41
 60   681   288    17    43
 57   345   199    15    34
 56   353   199    16    34

 97   706   465    25    53
 95  1004   354    22    50
 94   389   285    18    46
 94   188   311    20    42
 90   257   251    20    48
 90  1060   279    20    43
 84   880   226    18    34
 82   200   381    22    57
 81   565   194    14    32
 66   641   367  1106   494
 75   913   306    20    48
 71   508   637    26    54
 75  1188   249    21    41
 72  1090   204    18    35
 69  1225   307    19    41
 65   681   287    17    45
 60   353   200    16    34

 96   708   465    26    52
 95  1003   354    23    50
 94   187   310    21    43
 94   389   285    18    46
 90   257   251    18    48
 90  1060   279    20    43
 85   880   226    18    35
 84   566   194    14    33
 84   200   381    22    58
 67   642   368  1102   495
 75   913   306    20    48
 70   508   637    26    54
 74  1189   249    20    41
 72  1090   204    18    35
 69  1225   307    19    41
 68   681   287    17    45
 61   353   200    16    34

 97   710   465    26    52
 96  1003   354    23    50
 94   187   310    20    43
 94   389   285    18    46
 90  1060   279    20    43
 90   257   251    18    48
 86   880   227    19    36
 84   200   381    22    58
 84   567   195    14    32
 69   643   368  1096   497
 76   912   306    21    48
 75  1189   249    20    41
 69   508   637    26    54
 72  1090   204    18    35
 69  1225   307    19    42
 66   353   199    17    35
 65   681   287    17    43

 97   712   465    27    50
 96  1003   353    23    51
 94   186   311    20    44
 94   389   285    18    46
 90  1060   279    20    43
 89   257   251    18    48
 87   880   226    19    37
 86   200   381    22    59
 84   567   195    15    32
 66   644   369  1092   500
 78   911   306    21    48
 68   508   637    26    54
 73  1189   250    20    42
 71  1090   204    18    35
 69  1225   307    19    42
 67   353   199    17    34
 63   681   287    17    43

 96   715   466    27    48
 95  1003   354    23    52
 94   186   311    20    43
 92   389   285    18    46
 90  1060   280    20    42
 88   257   251    18    48
 86   200   381    22    59
 63   644   369  1091   501
 83   880   227    19    36
 83   568   194    15    31
 80   911   306    20    46
 68   508   636    26    55
 69  1090   204    19    35
 69  1189   249    20    42
 68  1225   307    19    42
 59   353   198    17    33
 57   681   288    17    42

 95   718   466    25    48
 95  1003   354    23    52
 93   185   311    20    43
 91   389   285    18    46
 91  1060   280    20    42
 86   257   250    18    47
 85   200   381    22    59
 60   645   370  1089   502
 81   911   306    20    45
 80   880   226    18    35
 77   569   194    15    29
 66   508   637    26    56
 67  1225   307    19    42
 68  1090   204    19    35
 66  1189   249    20    44
 59   682   287    18    43
 55   354   199    16    30

 94  1004   354    22    54
 93   721   466    25    50
 93   185   312    20    44
 91   388   284    19    45
 91  1060   280    20    41
 86   256   250    19    47
 59   646   370  1089   504
 84   201   381    22    59
 84   911   307    20    45
 77   879   226    17    35
 65   508   637    26    56
 67  1225   307    19    42
 67   570   194    14    27
 66  1090   204    19    36
 65  1189   248    20    45
 61   682   287    18    44
 51   354   199    16    29

 94  1004   354    22    54
 93   184   311    21    45
 92   389   284    18    45
 90  1059   281    21    42
 87   256   250    19    47
 87   910   307    21    45
 56   647   370  1089   501
 83   201   381    22    60
 79   723   466    24    50
 79   879   226    17    35
 69  1226   307    19    42
 62   508   636    26    55
 66  1189   248    20    45
 66  1090   204    19    35
 64   682   286    19    43
 57   663   340    15    31
 60   571   195    14    26
 60   354   199    16    29

 95  1004   353    22    53
 92   184   311    20    46
 92   389   284    18    45
 90  1059   281    20    42
 89   256   250    20    47
 89   910   308    21    46
 56   647   370  1092   500
 83   201   381    22    60
 80   879   226    17    35
 74   731   461    23    44
 72   662   341    18    34
 70  1226   307    19    42
 68  1189   248    20    45
 67  1090   204    18    34
 62   508   637    26    56
 66   682   286    20    42
 65   354   200    16    30
 55   680   223    19    41

 95  1004   353    22    53
 92   733   460    25    50
 92   183   311    20    46
 92   389   284    18    45
 90  1059   281    20    40
 90   256   251    20    47
 89   910   308    21    46
 61   647   369  1092   499
 83   201   381    22    60
 80   660   340    19    37
 78   878   227    17    34
 72  1226   307    19    42
 69   682   286    21    42
 69   354   199    17    31
 69  1189   248    20    45
 68   680   223    21    42
 63   508   637    26    56
 68  1090   204    19    34

 97   736   460    27    52
 95  1004   354    21    52
 92   182   311    21    46
 91   389   284    18    45
 90   910   308    22    45
 90  1059   281    20    40
 90   254   250    19    47
 84   658   340    19    38
 68   647   369  1090   503
 82   201   381    22    59
 76   878   227    16    32
 74   681   223    22    43
 72  1226   307    19    42
 72   355   199    16    31
 71   682   285    21    43
 66   508   637    26    56
 68  1189   248    20    45
 68  1090   203    19    35

 98   740   460    26    52
 95  1005   354    22    52
 92   182   311    21    46
 91   389   285    18    46
 89   253   250    19    47
 89   910   308    22    43
 88  1059   281    20    40
 84   657   340    19    38
 70   646   370  1083   506
 81   201   381    22    59
 76   355   198    17    33
 75   681   223    22    42
 73  1226   307    19    44
 68   508   637    26    56
 68   682   286    21    43
 68   877   226    16    31
 66  1090   203    19    36
 63  1189   248    20    45

 98   743   461    26    51
 94  1005   354    21    52
 91   389   284    18    47
 91   182   311    21    46
 88   252   250    19    48
 65   646   371  1069   511
 86   909   309    23    43
 86  1058   281    21    40
 82   656   339    20    38
 79   201   382    23    60
 75   356   198    16    35
 73  1226   307    19    46
 72   682   223    22    42
 67   508   636    26    57
 65   682   287    21    44
 64  1090   202    19    38
 60   876   226    17    30
 57  1189   248    21    45

 97   746   463    24    49
 94  1005   353    21    51
 93   389   285    18    48
 90   182   310    22    47
 58   646   372  1052   515
 87   252   250    19    48
 80   654   339    19    38
 84  1058   280    21    41
 78   908   309    23    42
 74  1227   307    20    47
 73   201   382    23    60
 72   356   198    17    36
 63   508   636    26    55
 64   683   222    20    41
 64  1090   202    19    38
 54   681   288    21    44
 54  1189   248    21    46
 51   876   225    18    29

 93  1005   354    21    50
 92   389   284    17    47
 90   181   310    21    48
 51   646   372  1042   516
 87   252   250    19    49
 86   750   464    22    47
 75   653   338    18    37
 80  1058   280    21    41
 76  1227   307    20    48
 68   201   382    23    61
 68   356   198    17    36
 61   507   636    25    56
 64   907   309    23    42
 63  1090   202    20    38
 60   685   222    19    40
 52   680   288    21    44
 53  1189   248    21    45

 93   389   285    17    46
 92   181   309    22    49
 92  1006   353    20    49
 88   252   251    19    48
 51   644   370  1041   511
 79  1058   280    20    41
 77  1227   307    20    48
 66   650   336    18    35
 69   356   198    17    36
 61   507   636    25    56
 60   760   462    18    40
 63   201   383    22    60
 63  1090   202    19    39
 59   752   465    19    42
 56   688   223    18    40
 55   585   192    15    27
 53   680   287    21    42
 53   661   229    13    26
 53  1190   248    20    45

 94   390   284    18    45
 93   181   309    22    49
 91   762   461    22    49
 91  1006   354    20    48
 90   251   251    19    48
 57   642   368  1041   511
 78  1227   307    20    48
 76  1057   280    21    41
 66   646   336    17    36
 71   356   198    17    36
 64   507   636    25    57
 68   586   193    15    29
 67   659   230    13    27
 64   201   383    22    59
 59   680   285    21    43
 60  1090   202    19    39
 58   691   221    16    39
 50  1189   248    19    43

 96   764   462    24    50
 94   390   284    18    45
 93   180   309    23    49
 91   251   251    19    48
 91  1007   354    20    48
 65   641   366  1046   509
 79   657   232    13    30
 78  1226   307    19    48
 77  1057   280    21    41
 76   587   194    15    29
 67   507   636    25    57
 71   358   198    18    36
 61  1090   202    19    39
 57   644   335    15    33
 59   206   385    22    50
 58   681   285    22    44

 97   767   462    27    51
 94   391   284    18    45
 93   180   309    22    47
 92   251   251    19    48
 89  1007   354    20    48
 84   655   233    15    31
 70   639   366  1052   505
 79  1226   307    19    48
 78   588   194    15    29
 77  1057   281    21    40
 71   508   637    26    56
 72   359   198    18    37
 61  1090   202    19    41
 57   681   285    22    44
 57   206   385    23    49

 97   770   462    28    52
 94   391   285    18    46
 93   179   309    23    46
 92   251   251    19    48
 87  1008   354    20    49
 83   590   194    16    29
 81   654   234    16    31
 80  1057   281    21    40
 79  1226   307    19    47
 70   639   367  1062   499
 73   508   637    26    56
 71   359   198    19    37
 64  1090   202    20    41
 62   681   285    21    43
 57   206   386    23    50

 96   773   462    29    52
 95   391   285    19    45
 94   179   309    23    46
 91   251   251    20    47
 84  1009   354    20    49
 82   591   194    16    30
 81  1056   281    21    40
 80  1226   307    19    47
 73   508   637    26    56
 74   653   234    16    29
 68   639   367  1072   493
 73   360   198    18    37
 69  1090   202    21    42
 66   682   286    20    42
 57   206   385    23    49
 56   735   174    15    27
 50   875   224    16    31

 95   392   286    18    46
 94   178   308    23    45
 92   776   462    29    53
 91   250   251    19    47
 81  1227   307    18    47
 81   593   194    16    28
 81  1057   280    22    41
 79  1010   355    20    49
 76   360   198    18    36
 70   508   637    26    56
 65   640   366  1086   490
 73  1090   202    21    43
 70   683   286    20    41
 61   628   326    17    29
 63   737   174    15    27
 60   650   234    16    26
 55   206   386    23    50
 53   882   293    17    36

 95   392   286    18    44
 93   178   309    22    45
 90   250   251    20    45
 81   625   325    19    35
 77   780   463    26    48
 80  1227   307    18    46
 79   361   197    18    37
 79  1056   280    21    41
 63   638   362  1097   488
 75  1090   203    22    44
 74   594   195    15    26
 73  1010   355    20    49
 67   508   636    26    57
 69   683   287    19    41
 60   740   174    14    28
 58   206   386    23    50
 53   647   234    15    22
 54   880   293    15    34

 95   392   286    18    43
 91   177   310    22    44
 90   249   250    20    45
 87   622   325    20    37
 82   361   197    18    38
 80  1227   307    18    46
 60   637   361  1105   486
 74   789   464    20    48
 76  1056   280    22    42
 74  1089   203    21    44
 66   508   636    26    57
 70   596   196    14    24
 68   684   288    19    41
 69  1011   356    20    48
 58   206   385    22    49
 57   741   173    15    29
 52   645   234    16    23

 95   392   286    18    43
 91   791   463    22    51
 90   248   250    21    45
 88   618   325    21    39
 88   176   311    21    44
 84   362   196    18    37
 80  1227   307    19    46
 58   635   359  1111   483
 76  1056   280    22    43
 73  1089   204    21    44
 66   508   636    26    57
 68   598   196    14    23
 65  1011   356    21    47
 62   685   288    17    41
 59   201   385    23    56
 56   643   236    16    24
 52   745   173    14    28

 96   392   286    18    43
 94   793   463    23    50
 90   248   250    20    47
 86   176   311    21    44
 85   362   196    18    37
 82   615   326    19    38
 83  1227   307    19    47
 76  1056   280    22    43
 73  1089   204    21    44
 53   636   361  1112   478
 67   508   636    26    57
 68   600   196    14    24
 62   201   385    23    57
 61  1012   356    20    45
 60   686   287    17    41
 51   748   172    15    29
 51   711   219    15    32

 96   797   461    24    51
 95   393   286    18    43
 91   247   251    20    46
 85   362   196    17    37
 84  1227   307    19    47
 83   176   311    20    43
 78  1055   281    22    43
 69   508   636    26    57
 69   200   386    23    60
 52   636   361  1111   478
 68  1089   204    22    44
 63   602   195    14    25
 63   712   219    17    35
 55   614   326    16    32
 60   687   286    17    40
 59  1012   356    19    44

 97   800   461    25    50
 95   394   286    18    42
 91   246   251    19    46
 84   362   196    17    37
 83  1227   307    19    47
 81   176   311    20    43
 73   604   323    17    34
 78  1055   281    22    43
 72   507   636    27    57
 69   201   386    22    58
 67   713   219    17    36
 51   637   361  1109   480
 66   688   286    17    39
 60  1012   364    20    46
 58  1088   203    22    43
 53   634   239    15    23
 54   603   194    15    24

 97   803   461    25    51
 94   394   285    18    43
 92   246   251    18    46
 86   601   322    19    37
 84   362   196    17    37
 80  1227   307    19    45
 78  1055   282    22    42
 72   507   636    27    57
 74   689   287    18    40
 71   171   309    19    43
 52   636   358  1096   485
 62   715   219    16    34
 56   632   238    16    23
 57   200   386    21    54
 57  1012   364    20    43
 51  1087   203    23    42

 95   807   463    25    51
 95   395   286    18    44
 92   598   322    20    40
 91   245   251    19    47
 84   363   196    17    36
 79   171   310    20    46
 79   690   287    18    41
 79  1055   282    21    41
 77  1228   307    18    44
 72   507   637    27    58
 62   629   238    16    24
 66   201   392    20    57
 53   636   356  1088   489
 65   863   297    14    34
 59   717   219    15    32
 56  1012   364    19    43

 95   594   321    23    41
 95   395   286    18    44
 88   245   251    20    46
 87   170   310    21    48
 85   364   195    16    37
 79   690   288    19    42
 79  1055   283    21    41
 77   809   465    23    48
 75   201   393    22    56
 71   507   637    27    60
 72  1228   306    19    43
 72   860   296    15    37
 55   635   355  1079   494
 58   818   463    18    40
 60   720   218    14    31
 55   626   237    18    26
 58   767   173    18    33
 57  1013   365    19    42
 52   875   223    17    34

 96   591   321    23    41
 95   395   286    19    43
 89   170   310    22    49
 87   818   464    21    48
 87   244   251    20    46
 85   364   195    16    37
 80  1055   283    21    42
 77   201   393    22    55
 76   690   288    19    43
 76   858   297    16    40
 71   507   637    27    60
 70  1228   306    19    43
 70   769   173    17    33
 65  1014   365    20    46
 58   622   236    18    32
 56   875   223    18    34
 53  1247   379    23    46
 52   722   218    14    31

 95   395   286    19    43
 94   821   465    23    50
 89   169   311    23    48
 86   243   250    21    47
 85   364   195    16    36
 80   588   322    21    38
 78   200   394    21    54
 78  1055   283    22    42
 75   772   173    17    33
 73   690   289    19    42
 71   507   637    27    60
 72   856   297    16    40
 67  1228   306    19    42
 67  1014   365    22    48
 58  1247   379    24    46
 58   875   222    19    35
 53   616   193    12    24
 50   619   235    16    31

 95   824   466    23    52
 95   395   287    19    44
 90   169   311    24    47
 86   243   251    20    46
 83   364   194    16    37
 78   200   394    21    53
 76   576   319    18    39
 77  1054   283    21    42
 71   508   637    26    60
 69   853   297    15    40
 68   691   288    18    41
 67  1229   306    19    44
 66   775   173    17    31
 65  1014   365    22    49
 61  1246   379    23    46
 55   618   193    12    23
 54   876   222    18    35

 96   828   466    23    53
 95   395   287    19    44
 94   573   319    18    43
 91   168   312    23    46
 86   242   250    21    45
 83   364   194    16    37
 81   200   395    21    53
 77  1054   282    21    43
 73   507   637    27    60
 72   850   297    15    40
 71  1014   366    23    50
 66  1229   306    18    43
 64   691   289    19    41
 64  1246   379    23    46
 62   619   193    13    22
 60   732   209    19    41
 54   876   223    18    34
 52  1085   201    20    38

 97   569   319    17    42
 96   831   467    25    54
 96   396   287    19    45
 92   167   312    23    45
 86   242   250    20    46
 85   200   396    21    54
 84   364   194    15    37
 79  1014   366    23    50
 78  1054   282    21    45
 74   508   637    28    60
 57   634   358  1074   492
 70  1246   379    22    46
 67   848   297    16    40
 66   734   210    20    44
 64  1229   306    19    42
 61   692   290    19    43
 61   621   192    13    22
 55   876   223    19    35
 52  1197   239    21    40
 51  1084   201    19    36

 96   834   467    27    54
 96   397   287    20    45
 95   565   318    17    40
 94   166   312    21    43
 88   200   396    21    55
 86   241   250    20    46
 86   364   194    15    37
 85  1014   367    23    50
 80  1054   282    21    45
 74   508   637    28    60
 74  1246   379    22    46
 60   634   358  1092   487
 70   735   210    19    46
 67   624   191    14    23
 62  1230   306    18    42
 60   877   223    20    36
 57   602   238    16    31
 55   790   174    16    32
 52   847   297    16    39
 51   692   292    19    42

 97   397   286    20    45
 94   837   467    28    53
 94   165   312    21    44
 94   562   318    18    38
 88   200   396    21    55
 86   364   194    15    38
 86   240   250    20    46
 85  1014   367    23    50
 82  1054   283    21    44
 74   508   637    28    60
 74  1245   379    21    46
 60   633   358  1092   489
 68   737   209    19    43
 67   626   191    15    23
 65   598   238    17    31
 65  1231   306    18    41
 63   792   174    15    32
 60   838   293    13    29
 58   877   222    20    37

 97   396   286    19    45
 95   164   312    21    44
 89   200   396    21    55
 88   364   194    15    38
 87   239   251    20    46
 84   838   467    27    49
 83  1014   367    23    48
 83  1054   283    21    44
 75   508   637    28    60
 77   836   293    15    33
 70   558   319    17    34
 74  1245   379    21    46
 70  1231   307    18    42
 70   628   193    15    24
 70   796   173    14    31
 60   634   358  1084   493
 69   739   209    18    43
 68   595   238    18    32
 60   877   221    19    37
 54   847   466    19    39
 50  1083   201    19    35

 98   396   285    19    45
 96   164   312    21    44
 91   200   396    21    56
 89   364   194    15    38
 85   238   250    21    45
 84   834   294    16    36
 84  1054   283    21    44
 79   847   468    21    46
 81  1014   367    23    48
 76   508   637    28    60
 76  1231   307    19    43
 74  1245   379    21    46
 71   742   209    18    42
 71   799   173    14    30
 69   631   194    14    24
 61   634   359  1077   496
 64   546   318    18    33
 64   878   221    20    37
 63   592   239    18    32
 54   707   286    14    36
 53  1083   201    20    35

 97   396   285    19    45
 96   164   312    20    45
 94   849   468    22    54
 93   200   396    22    57
 88   543   319    20    40
 89   364   193    15    39
 88   831   294    17    38
 84   237   250    21    46
 82  1054   282    20    43
 79  1231   308    19    44
 78  1015   367    22    47
 75   508   637    28    60
 74  1245   379    20    46
 71   709   286    15    38
 68   878   222    19    37
 67   802   173    14    30
 64   744   209    18    42
 58   635   360  1071   490
 58   633   194    15    24
 55   590   247    15    30
 55  1082   201    19    36
 53   691   292    15    35
 50  1199   247    19    40

 97   850   468    21    56
 97   396   285    19    45
 97   163   312    20    45
 94   539   318    20    41
 93   199   398    23    56
 88   365   193    16    39
 87   828   293    17    39
 81   711   286    16    39
 81   236   249    21    47
 80  1232   307    20    43
 80  1054   282    20    42
 73   508   637    28    60
 73  1015   368    22    46
 72  1245   380    20    46
 65   879   222    18    35
 54   635   361  1065   486
 60   747   208    18    41
 59   587   247    15    31
 57   691   292    15    35
 57   805   173    15    29
 55  1082   201    20    35
 53  1199   247    19    40

 98   853   467    22    58
 97   162   312    18    45
 96   396   286    20    44
 95   535   318    20    42
 93   199   400    22    53
 87   712   286    17    40
 86   365   193    16    40
 85   825   294    17    39
 80  1232   308    19    44
 79  1054   282    20    42
 75   235   249    21    49
 73   508   637    28    60
 73  1015   367    22    47
 70  1245   380    20    46
 62   691   293    15    38
 51   636   361  1058   484
 59   879   223    18    34
 54   749   208    19    41
 52  1200   247    19    40
 52  1081   202    19    36

 98   855   466    21    57
 97   161   313    19    44
 96   395   287    19    44
 94   531   318    20    45
 93   198   402    22    52
 87   713   285    17    41
 85   365   193    16    40
 81   821   295    17    39
 80  1232   308    19    44
 79  1053   282    19    42
 76  1015   368    22    47
 73   508   636    28    61
 69   235   250    21    48
 69  1244   380    21    46
 64   692   294    16    40
 59   643   193    14    27
 54   880   222    18    33
 52   573   249    13    27
 52  1200   247    19    40
 52  1081   203    19    36

 98   858   466    22    57
 97   161   313    19    44
 97   395   287    19    44
 94   197   403    23    51
 87   715   285    16    40
 87   528   318    18    45
 84   365   193    17    40
 79  1014   369    22    48
 78  1233   308    20    46
 78  1053   282    20    42
 72   508   637    28    60
 67  1244   380    21    46
 65   570   250    15    30
 63   692   295    16    40
 64   235   250    22    49
 61   819   296    16    37
 56  1201   247    19    41
 54   881   222    18    33
 53   644   193    14    25
 51  1081   203    20    36

 98   860   467    22    58
 97   161   313    18    44
 96   395   287    19    44
 94   197   405    23    52
 87   716   285    15    41
 85   365   192    16    39
 79  1014   370    22    46
 76   567   251    15    32
 76  1053   281    20    41
 76  1233   308    19    46
 72   518   318    17    40
 70   507   637    27    58
 64  1244   380    21    47
 62   229   249    21    46
 61   691   295    15    38
 58   527   319    17    38
 59  1202   248    20    40
 52   759   210    17    38
 52   882   222    18    33

 98   862   468    23    57
 96   160   313    19    44
 96   395   286    19    45
 94   197   406    23    52
 91   516   317    18    43
 87   718   286    15    40
 84   365   192    16    38
 77   564   251    15    32
 76  1013   371    23    46
 74  1052   281    21    40
 73  1234   307    20    47
 69   507   637    27    57
 69   808   293    14    33
 70   229   248    20    47
 60  1244   380    21    47
 58   760   210    19    38
 57  1202   248    20    40
 55   691   295    15    37
 51   882   222    19    34

 97   865   469    24    57
 95   512   317    19    43
 95   160   313    20    45
 95   196   407    23    51
 94   395   285    19    45
 85   719   286    15    40
 85   365   192    16    38
 84   805   293    18    38
 78  1013   371    23    47
 77   561   251    15    31
 77   228   248    21    48
 76  1235   308    20    47
 76  1052   281    20    40
 70   507   637    27    57
 64   761   209    19    39
 60  1244   380    20    47
 55   649   196    14    26
 55  1202   247    20    41
 53   692   308    17    36

 96   508   317    21    42
 96   866   470    25    56
 95   196   408    23    52
 94   159   313    20    45
 93   395   284    19    45
 92   802   293    20    42
 83   364   192    17    37
 81   227   247    21    49
 80  1013   372    22    49
 77  1236   309    20    48
 75   721   285    15    38
 76  1052   281    20    40
 71   507   638    27    56
 71   558   251    13    30
 71   763   208    19    39
 65   692   308    17    39
 63   651   196    13    27
 59  1244   380    20    47
 51   885   221    18    35
 50  1203   238    21    40

 96   195   408    23    51
 95   504   316    19    40
 94   159   313    20    45
 93   800   293    20    42
 93   395   284    19    44
 90   867   470    25    53
 85  1012   373    23    50
 82   364   192    17    37
 81   226   247    21    49
 80  1236   309    20    48
 72   508   638    28    56
 74  1051   281    21    42
 72   693   308    18    41
 71   765   208    20    38
 62   653   197    13    27
 59  1244   381    21    48
 54   722   285    14    36
 52  1203   238    21    40
 52   886   220    18    35
 50   556   250    12    30

 96   194   409    23    52
 95   158   314    21    44
 93   796   293    19    42
 93   395   284    19    42
 88  1012   373    22    49
 86   500   316    17    40
 81   364   192    17    37
 81   225   248    20    48
 80   693   309    18    40
 79  1237   309    20    46
 76   868   470    23    49
 71   508   638    28    56
 73   730   284    15    36
 70  1051   279    21    43
 70   766   207    19    37
 67   878   471    22    46
 64   547   251    14    32
 60   655   197    13    27
 58  1244   381    21    48
 54   887   220    18    35
 53  1203   238    21    39

 96   193   409    23    52
 96   158   313    22    43
 93   395   284    20    42
 91   793   293    19    42
 90   731   284    17    38
 89  1011   373    22    47
 85   878   471    23    47
 82   224   248    20    48
 81   364   192    17    37
 80   692   309    17    39
 79  1237   309    19    44
 75   544   251    14    34
 70   508   638    28    56
 69   769   208    18    36
 65  1051   279    22    42
 60   497   315    15    38
 58  1244   381    21    48
 55   657   198    12    25
 53  1203   238    21    40
 52   887   220    17    34

 96   192   409    22    53
 96   157   314    22    42
 93   733   284    18    38
 91   879   471    23    49
 91   394   283    19    41
 90  1010   373    21    47
 83   223   248    18    48
 81  1238   309    20    43
 80   692   309    17    38
 80   364   192    17    38
 79   541   251    14    34
 76   790   294    19    42
 72   490   316    15    34
 68   508   638    28    56
 70   770   207    17    35
 61  1243   381    21    50
 60  1051   279    22    42
 54   888   221    17    34
 52  1204   238    21    39

 96   191   409    21    53
 96   156   313    23    41
 93   881   471    24    49
 94   734   284    19    39
 91   393   283    19    39
 89  1010   373    20    46
 83  1238   309    19    43
 83   222   248    18    49
 82   538   251    15    34
 81   488   314    15    35
 82   364   192    16    38
 78   692   309    17    38
 70   773   208    17    34
 65   507   637    28    57
 65  1243   381    21    49
 56  1050   279    21    42
 55   889   221    17    33
 53  1205   238    20    39

 96   156   313    23    39
 96   191   409    22    53
 94   736   285    20    40
 92   883   472    24    50
 92   393   283    18    38
 89  1009   373    21    46
 86  1239   309    20    45
 85   486   314    16    38
 83   220   248    19    50
 83   364   191    16    39
 82   536   251    15    34
 78   780   291    17    36
 78   692   308    16    39
 72   776   208    16    36
 69  1243   381    21    49
 61   507   637    28    57
 56  1205   238    20    38
 54   889   222    16    32
 53  1044   280    20    40
 51   851   172    15    31

 96   155   313    24    39
 96   190   409    21    53
 95   392   283    19    40
 94   737   285    19    40
 93   884   472    23    50
 90  1009   373    21    47
 89   483   312    17    41
 88   777   290    17    38
 88  1239   309    19    45
 83   364   191    16    38
 82   534   250    15    34
 77   219   248    19    50
 76  1243   382    21    48
 75   691   308    17    38
 68   778   207    17    36
 60   507   637    28    56
 60  1205   238    20    38
 59  1044   280    20    42
 57   854   172    15    32
 54  1072   195    17    39

 96   393   283    18    40
 96   153   313    23    39
 96   190   410    22    53
 93   886   472    23    52
 93   739   285    18    40
 92  1009   374    22    48
 92   482   312    18    42
 91   774   289    17    38
 89  1240   309    20    45
 80   364   190    16    39
 80  1243   382    21    48
 75   691   307    16    39
 75   532   250    16    34
 73   218   247    19    49
 62  1205   238    19    40
 62  1043   279    21    43
 58   506   636    29    57
 62   780   206    16    35
 56  1072   195    17    39
 53   857   172    15    32

 97   393   282    19    41
 96   152   313    22    39
 96   190   411    22    55
 94  1008   375    23    49
 94   888   472    22    53
 92   740   284    17    39
 90   480   311    18    40
 89  1240   310    20    46
 87   772   288    16    38
 81  1243   382    20    49
 79   364   190    16    38
 78   690   308    17    39
 77   216   237    20    43
 71   530   249    16    34
 64  1043   279    21    43
 63  1205   238    19    40
 53   506   636    28    56
 55  1072   196    18    40
 54   859   172    15    32

 96   393   281    18    41
 96   150   314    21    40
 95   189   412    22    55
 95  1008   376    23    48
 92   889   472    21    53
 92   744   284    18    43
 88  1240   310    19    46
 82   690   309    17    41
 81   477   309    16    37
 80   214   237    20    43
 79   769   287    16    38
 80   364   189    16    37
 77  1242   382    21    48
 61  1042   278    21    43
 61  1205   238    19    41
 58  1072   196    18    40
 54   862   171    16    32
 51   528   248    14    33
 51   788   207    17    34

 95   150   314    22    42
 95  1008   377    22    48
 95   393   281    19    42
 93   189   413    22    52
 92   747   284    20    45
 90   892   472    20    54
 88  1241   310    20    46
 86   690   311    18    42
 85   213   237    20    45
 80   364   189    16    37
 74  1242   382    20    48
 68   764   287    17    39
 67   474   308    14    31
 64   789   206    18    37
 59  1042   277    21    44
 60  1071   196    18    40
 58  1205   238    19    41
 57   864   170    16    31

 95  1007   377    22    47
 94   149   314    21    43
 94   394   280    18    43
 91   188   413    22    51
 91   750   284    20    47
 88   690   311    18    41
 87  1241   310    19    45
 87   211   238    21    46
 85   893   472    20    54
 78   364   189    16    38
 72  1241   382    21    49
 66   790   206    20    37
 61   761   287    17    39
 59  1042   268    21    39
 58  1207   247    19    42
 56  1070   195    17    39
 51   471   307    12    27

 95  1006   377    22    47
 94   394   280    19    45
 93   149   315    20    42
 90   188   413    22    51
 91   751   285    20    48
 90   689   312    17    42
 87  1242   310    20    45
 85   210   237    21    45
 77   894   472    19    53
 78   364   189    16    39
 72  1241   382    21    50
 64   790   207    20    38
 58  1042   268    20    41
 56  1208   247    18    42
 52  1069   195    18    41

 96  1006   377    22    47
 94   394   280    19    45
 90   188   414    22    52
 91   689   312    18    43
 91   751   285    20    48
 89   149   316    20    42
 86  1242   310    20    45
 83   210   237    20    44
 79   896   479    22    63
 79   364   189    16    39
 72  1241   382    21    49
 63   791   207    20    38
 59  1041   268    20    41
 55  1206   238    19    42

 96  1005   377    22    47
 94   394   280    19    43
 93   750   285    21    48
 91   187   414    22    54
 91   688   312    17    44
 86   897   480    22    64
 84  1242   310    20    44
 82   209   237    21    44
 80   363   189    17    39
 80   148   316    21    41
 71  1240   382    21    49
 64  1041   268    20    43
 64   791   207    21    39
 56  1206   238    19    43
 54   514   238    17    40

 97  1004   377    21    46
 94   395   281    19    42
 92   187   414    22    55
 92   687   312    17    45
 89   749   285    21    44
 85   898   481    23    62
 84  1242   310    20    44
 81   209   236    20    43
 79   363   189    17    40
 73  1240   383    21    48
 70   142   316    20    42
 69  1039   268    19    44
 66   793   207    21    40
 62   512   237    17    40
 58   459   295    19    36
 57  1206   238    19    43

 97  1003   377    21    46
 93   396   281    18    42
 93   687   313    17    46
 91   186   415    22    56
 85   140   316    21    43
 84  1241   310    19    44
 83   747   285    19    40
 82   208   235    20    43
 79   363   189    17    41
 77   898   481    23    59
 69   457   294    21    39
 71  1240   383    21    48
 54   635   361  1117   492
 70   795   206    19    39
 69  1039   267    20    43
 60   509   249    15    30
 58  1206   239    19    42
 57   886   196    21    57
 51   761   283    15    35

 97  1003   377    22    46
 93   139   317    23    44
 93   397   281    18    41
 92   686   313    17    47
 86   185   415    23    56
 85   905   482    23    56
 84  1242   310    18    44
 80   207   235    19    43
 79   744   285    17    36
 77   455   294    20    40
 78   363   189    18    41
 74   797   206    18    36
 73   762   282    15    35
 67   508   249    15    30
 67  1239   382    21    47
 57   632   358  1109   490
 66   886   195    21    66
 64  1038   268    20    42
 57  1206   239    19    42
 51  1066   191    17    39

 97  1002   377    22    47
 95   138   317    23    44
 92   906   482    23    57
 92   398   282    19    40
 89   685   313    17    45
 85   764   283    15    36
 84  1242   309    19    43
 81   740   285    16    35
 79   453   293    18    39
 80   207   235    18    43
 78   184   415    22    54
 74   362   189    18    40
 73   797   205    17    35
 65  1239   382    21    47
 56   631   358  1105   486
 62   886   195    21    65
 61  1038   268    20    40
 53   505   634    26    55
 59   507   248    15    33
 58  1065   191    17    39
 56  1206   239    19    42

 97  1001   378    23    47
 95   138   317    23    44
 95   907   482    23    58
 92   399   282    19    41
 89   766   283    15    36
 85   451   293    18    39
 86   685   314    18    43
 84  1242   310    19    44
 83   735   286    15    35
 83   184   420    23    61
 78   206   236    19    42
 72   797   204    17    35
 70   361   189    18    39
 64  1239   382    21    47
 63  1064   191    17    39
 53   504   635    25    54
 54   630   358  1107   482
 57  1037   267    20    39
 55   507   237    16    35
 55  1205   239    19    42
 51   887   197    20    61

 96  1000   379    23    48
 96   137   317    22    44
 96   908   481    22    61
 92   768   282    15    38
 90   400   282    19    40
 87   449   293    17    39
 87   184   421    24    60
 86   684   316    17    42
 85   731   286    15    36
 84  1242   310    18    44
 77   206   236    19    43
 73   798   204    17    36
 69   361   189    18    38
 69  1063   192    17    40
 68  1239   383    21    48
 52   630   359  1115   479
 57  1205   239    19    42
 54   507   237    17    34
 55  1035   267    19    37

 96   909   482    21    60
 96  1000   380    24    48
 96   135   317    21    42
 92   770   280    16    39
 90   448   293    18    41
 89   183   421    25    60
 89   401   281    19    41
 88   684   317    19    42
 85  1242   310    18    44
 77   799   203    17    37
 76   729   285    15    38
 73   206   236    19    41
 70  1062   191    17    40
 70  1239   383    21    48
 64   360   188    17    37
 60  1205   238    19    41
 58  1034   267    20    36

 96   911   482    22    60
 96   134   317    20    42
 96   999   380    24    48
 92   182   421    25    59
 92   772   279    16    40
 91   445   293    19    42
 91   684   318    20    44
 87   402   281    19    40
 86  1241   309    19    45
 78   800   202    17    37
 72  1239   383    20    49
 69   206   235    19    41
 67  1062   191    17    40
 62  1205   238    19    41
 61  1033   266    21    37
 59   724   282    15    31
 50   359   188    17    38
